VARIABLES  x1,x2,x3,x4,x5,x6,x7,x8,x9,x10;

POSITIVE_VARIABLES  x3,x5;

LOWER_BOUNDS{
x1: 1;
x2: 1;
x4: 1;
x6: 85;
x7: 90;
x8: 3;
x9: 1.2;
x10: 145;
}

UPPER_BOUNDS{
x1: 2000;
x2: 16000;
x3: 120;
x4: 5000;
x5: 2000;
x6: 93;
x7: 95;
x8: 12;
x9: 4;
x10: 162;
}

EQUATIONS  e1,e2,e3,e4,e5,e6,e7;


e1:    x1 - 1.22*x4 + x5 == 0;

e2:    x9 + 0.222*x10 == 35.82;

e3:    3*x7 - x10 == 133;

e4: 0.038*x8^2 - 1.098*x8 - 0.325*x6 + x7 == 57.425;

e5: x4*x9*x6 + 1000*x3*x6 - 98000*x3 == 0;

e6: -x1*x8 + x2 + x5 == 0;

e7: 0.13167*x8*x1 + 1.12*x1 - 0.00667*x8^2*x1 - x4 >= 0;

OBJ: minimize -0.063*x4*x7 + 5.04*x1 + 0.035*x2 + 10*x3 + 3.36*x5;

STARTING_POINT{
x1: 1;
x2: 1;
x4: 1;
x6: 85;
x7: 90;
x8: 3;
x9: 1.2;
x10: 145;
}
